29_1	105986	0	0.4311513578952031	0.651323250126037	0.03706256857234737	0.3947987986574447	0.549634234595984	0.5635793640889812	0.45751561199922763	0.5701962474793909	0.39086108413671006	0.49361580896591506	0.39086108413671006	0.3908610841367101	0.39086108413671006	0.39086108413670995	0.3377264455868701	0.39086108413671	0.3908610841367101	0.3290806436960494	0.39086108413671006	0.39086108413671	0.3908610841367101	0.39086108413671006	0.3908610841367099	0.39086108413671006	0.3908610841367101	0.39086108413671006	0.5488786506404629	0.5871634613942985	0.5294879674238728	0.6367181368624784	0.6301506367362628	0.34606958201473825	0.5715805597407919	0.6392644445557772	0.5828931131548313	0.6432895474640967	0.6067395122603038	0.6460767779184569	0.6007478456151896	0.6744930653363974	0.39086108413671006	0.6230574742065031	0.6523072498569495	0.6227136662615065	0.8895510349327816	0.6301883926399446	0.9130156571207063	0.39086108413671006
29_2	105987	0.4311513578952031	0	0.5526426824632146	0.4311513578952032	0.6129039335491663	0.41862079223791115	0.4818904911910934	0.6129039335491664	0.4818904911910935	0.6129039335491664	0.5682944935870502	0.6129039335491664	0.6129039335491664	0.6129039335491664	0.6129039335491663	0.5682944935870503	0.6129039335491665	0.6129039335491664	0.5719756013281236	0.6129039335491664	0.6129039335491664	0.6129039335491665	0.6129039335491664	0.6129039335491663	0.6129039335491663	0.6129039335491664	0.6129039335491664	0.6129039335491665	0.6129039335491664	0.6129039335491664	0.6367181368624785	0.6309655068454929	0.6129039335491664	0.6129039335491665	0.639696126806054	0.6129039335491665	0.6432895474640966	0.6129039335491663	0.6460767779184569	0.6129039335491664	0.6744930653363975	0.6129039335491665	0.6232674247046575	0.6523072498569495	0.6248134499596354	0.8895510349327816	0.6335367717403194	0.9130156571207064	0.6129039335491664
29_3	105988	0.651323250126037	0.5526426824632146	0	0.651323250126037	0.6350267119761459	0.4588405811162441	0.48626378486982247	0.34614996912176893	0.45072093882723546	0.6507427212692429	0.5434227057889106	0.6836561248212873	0.6507427212692429	0.6507427212692429	0.6836561248212875	0.6836561248212873	0.6836561248212875	0.6507427212692429	0.6836561248212875	0.5965622823630818	0.5818090183788529	0.5834221829512783	0.582798065443611	0.5842251996927298	0.5507768166458884	0.5441169074768776	0.5225110058461994	0.6836561248212876	0.6836561248212873	0.6836561248212877	0.6836561248212876	0.6836561248212875	0.6513232501260369	0.6836561248212876	0.6836561248212876	0.6836561248212873	0.6836561248212875	0.6836561248212873	0.6836561248212875	0.6836561248212875	0.6836561248212875	0.6152437936470262	0.6836561248212875	0.6836561248212877	0.6836561248212876	0.8895510349327816	0.6836561248212873	0.9130156571207064	0.6507427212692429
29_4	105989	0.03706256857234737	0.4311513578952032	0.651323250126037	0	0.41643114294521283	0.549634234595984	0.5635793640889813	0.46229694754285683	0.570196247479391	0.41643114294521283	0.4983971445095441	0.4164311429452127	0.4164311429452127	0.4164311429452129	0.4164311429452127	0.36329650439537287	0.4164311429452129	0.4164311429452129	0.35579528743172684	0.41643114294521283	0.4164311429452129	0.41643114294521283	0.4164311429452127	0.41643114294521266	0.41643114294521283	0.416431142945213	0.41643114294521283	0.548878650640463	0.5871634613942986	0.5294879674238729	0.6367181368624784	0.6301506367362628	0.3764209763668702	0.5715805597407919	0.6392644445557772	0.5828931131548313	0.6432895474640965	0.606739512260304	0.6460767779184569	0.6007478456151896	0.6744930653363974	0.41643114294521283	0.6230574742065031	0.6523072498569495	0.6227136662615065	0.8895510349327819	0.6301883926399446	0.9130156571207064	0.41643114294521283
29_5	105990	0.3947987986574447	0.6129039335491663	0.6350267119761459	0.41643114294521283	0	0.6889635487989931	0.5635793640889812	0.45367770127605767	0.37812550892755237	0.30692973010257196	0.6082290460999404	0.13697401671577045	0.14483096830215123	0.14499574785880018	0.23067789210911666	0.3947987986574449	0.09309734543875642	0.16691495324793248	0.39479879865744477	0.3461693858123032	0.3461693858123033	0.3461693858123032	0.3461693858123032	0.3461693858123031	0.3461693858123033	0.3461693858123034	0.3461693858123032	0.548878650640463	0.5871634613942988	0.5294879674238728	0.6367181368624785	0.6301506367362627	0.3947987986574447	0.5715805597407918	0.6392644445557772	0.5828931131548313	0.6432895474640966	0.6067395122603039	0.6460767779184567	0.6007478456151895	0.6744930653363974	0.3461693858123032	0.623057474206503	0.6523072498569494	0.6227136662615063	0.8895510349327816	0.5281635201175675	0.8655898584291863	0.11934500004162425
29_6	105991	0.549634234595984	0.41862079223791115	0.4588405811162441	0.549634234595984	0.6889635487989931	0	0.5206140085226132	0.6889635487989931	0.3420437892864338	0.6889635487989934	0.6518344475506793	0.6889635487989931	0.6889635487989931	0.688963548798993	0.6889635487989931	0.6518344475506793	0.6889635487989931	0.6889635487989931	0.6605248223815808	0.6889635487989931	0.6889635487989929	0.688963548798993	0.6889635487989931	0.6889635487989929	0.6889635487989931	0.6889635487989934	0.6889635487989931	0.6889635487989931	0.6889635487989931	0.6889635487989931	0.6889635487989931	0.6889635487989934	0.6889635487989932	0.6889635487989931	0.6889635487989931	0.6889635487989931	0.6889635487989934	0.6889635487989931	0.6889635487989931	0.688963548798993	0.688963548798993	0.6889635487989931	0.6889635487989931	0.688963548798993	0.6889635487989931	0.8895510349327815	0.6889635487989931	0.9130156571207062	0.6889635487989931
29_7	105992	0.5635793640889812	0.4818904911910934	0.48626378486982247	0.5635793640889813	0.5635793640889812	0.5206140085226132	0	0.5283504292334557	0.40333792808845065	0.5111445825276733	0.6082290460999404	0.5635793640889812	0.5111445825276733	0.5111445825276733	0.5635793640889812	0.5635793640889813	0.5635793640889813	0.5111445825276733	0.5635793640889812	0.5111445825276731	0.5111445825276733	0.5111445825276733	0.5111445825276733	0.5111445825276733	0.5111445825276733	0.5111445825276733	0.5145777506521069	0.5635793640889812	0.5877963592198585	0.5635793640889813	0.6367181368624782	0.6301506367362627	0.5635793640889812	0.5740761075438083	0.6392644445557772	0.584868602013889	0.6432895474640966	0.606739512260304	0.6460767779184567	0.6007478456151896	0.6744930653363974	0.5635793640889812	0.623057474206503	0.6523072498569494	0.6227136662615064	0.8895510349327819	0.6044441447221255	0.9130156571207064	0.5111445825276733
29_8	105993	0.45751561199922763	0.6129039335491664	0.34614996912176893	0.46229694754285683	0.45367770127605767	0.6889635487989931	0.5283504292334557	0	0.5701962474793909	0.4670781792656736	0.3966907659826324	0.5023071141211992	0.4670781792656737	0.4670781792656737	0.5023071141211992	0.5023071141211992	0.5023071141211992	0.4670781792656735	0.5023071141211992	0.41289774035951277	0.39814447637528355	0.39975764094770927	0.39913352344004177	0.40056065768916055	0.3637739913615341	0.3571140821925233	0.33893858721960557	0.5488786506404629	0.5871634613942988	0.5294879674238728	0.6367181368624784	0.6301506367362626	0.4535809826415246	0.5715805597407918	0.6392644445557774	0.5828931131548313	0.6432895474640965	0.606739512260304	0.6460767779184567	0.6007478456151896	0.6744930653363973	0.4338947829469382	0.6230574742065031	0.6523072498569494	0.6227136662615063	0.8895510349327816	0.6301883926399445	0.9130156571207066	0.4670781792656736
29_9	105994	0.5701962474793909	0.4818904911910935	0.45072093882723546	0.570196247479391	0.37812550892755237	0.3420437892864338	0.40333792808845065	0.5701962474793909	0	0.4823271789245181	0.5779430133329037	0.4130610852313388	0.4130610852313388	0.4130610852313387	0.44628214235015295	0.570196247479391	0.3781255089275523	0.4130610852313388	0.570196247479391	0.5389904980643979	0.570196247479391	0.570196247479391	0.5701962474793909	0.5701962474793909	0.5701962474793909	0.570196247479391	0.5701962474793909	0.570196247479391	0.5871634613942986	0.570196247479391	0.6055123874474853	0.5989448873212696	0.570196247479391	0.5725848866583688	0.6080586951407844	0.5833773811284493	0.6432895474640965	0.6067395122603039	0.6460767779184567	0.6007478456151897	0.6744930653363974	0.570196247479391	0.6230574742065033	0.6523072498569495	0.5915079168465133	0.8895510349327816	0.5724226253016447	0.8797946000018921	0.37812550892755237
27_1	105995	0.39086108413671006	0.6129039335491664	0.6507427212692429	0.41643114294521283	0.30692973010257196	0.6889635487989934	0.5111445825276733	0.4670781792656736	0.4823271789245181	0	0.6082290460999403	0.2810334081299044	0.21655913314088315	0.22670532235548257	0.09173116609838493	0.36890247668477727	0.28103340812990435	0.21418747209362174	0.36890247668477727	0.3020565406484946	0.3020565406484945	0.30205654064849463	0.3020565406484946	0.3020565406484945	0.3020565406484946	0.3020565406484947	0.31990086324790296	0.5488786506404629	0.5871634613942986	0.5294879674238729	0.6367181368624784	0.6301506367362627	0.3689024766847772	0.5715805597407919	0.6392644445557774	0.5828931131548315	0.6432895474640965	0.6067395122603039	0.6460767779184569	0.6007478456151896	0.6744930653363976	0.3689024766847773	0.6230574742065031	0.6523072498569495	0.6227136662615061	0.8895510349327816	0.5892956608215142	0.9130156571207064	0.2235176668034022
27_2	105996	0.49361580896591506	0.5682944935870502	0.5434227057889106	0.4983971445095441	0.6082290460999404	0.6518344475506793	0.6082290460999404	0.3966907659826324	0.5779430133329037	0.6082290460999403	0	0.6082290460999404	0.6082290460999404	0.6082290460999404	0.6082290460999404	0.5550944075501005	0.6082290460999403	0.6082290460999404	0.6082290460999404	0.5779430133329038	0.6082290460999403	0.6082290460999403	0.6082290460999404	0.6082290460999403	0.6082290460999404	0.6082290460999404	0.6082290460999404	0.5755293039496712	0.5755293039496711	0.5755293039496713	0.5737323619451725	0.5671648618189569	0.553204210267559	0.5755293039496713	0.5762786696384714	0.5755293039496713	0.6105898053138272	0.5787117010324486	0.6133770357681875	0.5768665558958022	0.6417933231861283	0.5755293039496712	0.5903577320562338	0.6196075077066802	0.5597278913442004	0.8895510349327816	0.6301883926399446	0.9130156571207064	0.6082290460999404
27_3	105997	0.39086108413671006	0.6129039335491664	0.6836561248212873	0.4164311429452127	0.13697401671577045	0.6889635487989931	0.5635793640889812	0.5023071141211992	0.4130610852313388	0.2810334081299044	0.6082290460999404	0	0.06447427498902124	0.05432808577442177	0.2324082587866916	0.30557754478322113	0.055169313784603415	0.12440136009819935	0.305577544783221	0.3145675660448196	0.3310280357638959	0.3326383157456604	0.31850866275634876	0.323508640192121	0.3519634084398662	0.3471602504045828	0.305577544783221	0.5488786506404629	0.5871634613942984	0.5294879674238728	0.6367181368624784	0.6301506367362628	0.3055775447832211	0.5715805597407917	0.6392644445557772	0.5828931131548313	0.6432895474640965	0.6067395122603038	0.6460767779184567	0.6007478456151896	0.6744930653363974	0.3650876104756122	0.623057474206503	0.6523072498569494	0.6227136662615064	0.8895510349327819	0.5659709557141798	0.8491312466724826	0.10203889331711384
27_4	105998	0.3908610841367101	0.6129039335491664	0.6507427212692429	0.4164311429452127	0.14483096830215123	0.6889635487989931	0.5111445825276733	0.4670781792656737	0.4130610852313388	0.21655913314088315	0.6082290460999404	0.06447427498902124	0	0.0139964977745252	0.23240825878669166	0.3294895259030418	0.06825942467232496	0.059927085109178095	0.3294895259030418	0.26501525091402056	0.2696031060771795	0.268164040756639	0.26501525091402056	0.26501525091402056	0.2874891334508449	0.2826859754155616	0.2804879124661675	0.5488786506404628	0.5871634613942985	0.5294879674238728	0.6367181368624784	0.6301506367362626	0.3294895259030418	0.5715805597407919	0.6392644445557772	0.5828931131548312	0.6432895474640965	0.606739512260304	0.6460767779184567	0.6007478456151896	0.6744930653363974	0.36508761047561233	0.6230574742065029	0.6523072498569494	0.6227136662615064	0.8895510349327816	0.5659709557141798	0.8603093971466116	0.048000041438275125
27_5	105999	0.39086108413671006	0.6129039335491664	0.6507427212692429	0.4164311429452129	0.14499574785880018	0.688963548798993	0.5111445825276733	0.4670781792656737	0.4130610852313387	0.22670532235548257	0.6082290460999404	0.05432808577442177	0.0139964977745252	0	0.2324082587866917	0.3238285319802796	0.05789821578019255	0.07007327432377757	0.3238285319802796	0.2695004462058577	0.2766999499894741	0.2783102299712386	0.26983962275259726	0.2703540602772088	0.29763532266544446	0.29283216463016104	0.2748269185434053	0.548878650640463	0.5871634613942986	0.529487967423873	0.6367181368624785	0.6301506367362628	0.32382853198027967	0.5715805597407919	0.6392644445557775	0.5828931131548312	0.6432895474640965	0.6067395122603039	0.6460767779184567	0.6007478456151896	0.6744930653363974	0.36508761047561233	0.6230574742065031	0.6523072498569495	0.6227136662615065	0.8895510349327816	0.5659709557141799	0.8587781937376054	0.04965649358134938
27_6	106000	0.39086108413670995	0.6129039335491663	0.6836561248212875	0.4164311429452127	0.23067789210911666	0.6889635487989931	0.5635793640889812	0.5023071141211992	0.44628214235015295	0.09173116609838493	0.6082290460999404	0.2324082587866916	0.23240825878669166	0.2324082587866917	0	0.35872172973840755	0.23240825878669166	0.23240825878669166	0.35872172973840744	0.3587217297384075	0.35872172973840755	0.3587217297384075	0.35872172973840744	0.35872172973840744	0.3587217297384075	0.3587217297384076	0.3587217297384075	0.5488786506404629	0.5871634613942985	0.5294879674238728	0.6367181368624784	0.6301506367362627	0.35872172973840744	0.5715805597407917	0.6392644445557772	0.5828931131548314	0.6432895474640965	0.606739512260304	0.6460767779184567	0.6007478456151895	0.6744930653363974	0.3662680777702277	0.6230574742065031	0.6523072498569494	0.6227136662615063	0.8895510349327816	0.5283387770280661	0.9130156571207064	0.23240825878669166
27_7	106001	0.3377264455868701	0.5682944935870503	0.6836561248212873	0.36329650439537287	0.3947987986574449	0.6518344475506793	0.5635793640889813	0.5023071141211992	0.570196247479391	0.36890247668477727	0.5550944075501005	0.30557754478322113	0.3294895259030418	0.3238285319802796	0.35872172973840755	0	0.3255378512779997	0.3551883750971772	0.21642394977785354	0.3145675660448197	0.33102803576389594	0.3326383157456604	0.3185086627563488	0.3235086401921211	0.35196340843986623	0.34716025040458287	0.24658157759245095	0.5488786506404628	0.5871634613942986	0.5294879674238729	0.6367181368624785	0.6301506367362628	0.21642394977785348	0.5715805597407918	0.6392644445557775	0.5828931131548314	0.6432895474640966	0.606739512260304	0.6460767779184569	0.6007478456151896	0.6744930653363975	0.3650876104756124	0.6230574742065031	0.6523072498569495	0.6227136662615065	0.8895510349327819	0.6301883926399446	0.9130156571207064	0.34680133624241866
27_8	106002	0.39086108413671	0.6129039335491665	0.6836561248212875	0.4164311429452129	0.09309734543875642	0.6889635487989931	0.5635793640889813	0.5023071141211992	0.3781255089275523	0.28103340812990435	0.6082290460999403	0.055169313784603415	0.06825942467232496	0.05789821578019255	0.23240825878669166	0.3255378512779997	0	0.1244013600981994	0.3255378512779997	0.3255378512779998	0.3310280357638959	0.3326383157456604	0.3255378512779997	0.3255378512779996	0.3519634084398663	0.34716025040458287	0.3255378512779998	0.548878650640463	0.5871634613942988	0.5294879674238728	0.6367181368624785	0.6301506367362627	0.3255378512779997	0.571580559740792	0.6392644445557772	0.5828931131548312	0.6432895474640965	0.6067395122603039	0.6460767779184566	0.6007478456151895	0.6744930653363973	0.3650876104756123	0.623057474206503	0.6523072498569494	0.6227136662615064	0.8895510349327816	0.5659709557141798	0.8574591855070346	0.05814241913458882
27_9	106003	0.3908610841367101	0.6129039335491664	0.6507427212692429	0.4164311429452129	0.16691495324793248	0.6889635487989931	0.5111445825276733	0.4670781792656735	0.4130610852313388	0.21418747209362174	0.6082290460999404	0.12440136009819935	0.059927085109178095	0.07007327432377757	0.23240825878669166	0.3551883750971772	0.1244013600981994	0	0.3551883750971772	0.2307870149989778	0.23283041030979784	0.2307870149989778	0.2307870149989778	0.23078701499897775	0.23234086512570676	0.23316229120772597	0.3061867616603029	0.548878650640463	0.5871634613942986	0.529487967423873	0.6367181368624785	0.6301506367362628	0.35518837509717716	0.5715805597407919	0.6392644445557775	0.5828931131548314	0.6432895474640966	0.606739512260304	0.6460767779184569	0.6007478456151896	0.6744930653363975	0.3650876104756123	0.6230574742065031	0.6523072498569497	0.6227136662615063	0.8895510349327815	0.5659709557141799	0.8651924500666042	0.06750559940500864
22_1	106004	0.3290806436960494	0.5719756013281236	0.6836561248212875	0.35579528743172684	0.39479879865744477	0.6605248223815808	0.5635793640889812	0.5023071141211992	0.570196247479391	0.36890247668477727	0.6082290460999404	0.305577544783221	0.3294895259030418	0.3238285319802796	0.35872172973840744	0.21642394977785354	0.3255378512779997	0.3551883750971772	0	0.31456756604481967	0.3310280357638959	0.3326383157456604	0.31850866275634876	0.32350864019212106	0.3519634084398662	0.34716025040458287	0.2460520583547333	0.548878650640463	0.5871634613942985	0.5294879674238729	0.6367181368624782	0.6301506367362626	0.1661604199161948	0.5715805597407918	0.6392644445557774	0.5828931131548314	0.6432895474640966	0.606739512260304	0.6460767779184567	0.6007478456151895	0.6744930653363975	0.3650876104756123	0.6230574742065029	0.6523072498569494	0.5904544636750564	0.8895510349327816	0.6301883926399445	0.9130156571207066	0.3468013362424186
22_2	106005	0.39086108413671006	0.6129039335491664	0.5965622823630818	0.41643114294521283	0.3461693858123032	0.6889635487989931	0.5111445825276731	0.41289774035951277	0.5389904980643979	0.3020565406484946	0.5779430133329038	0.3145675660448196	0.26501525091402056	0.2695004462058577	0.3587217297384075	0.3145675660448197	0.3255378512779998	0.2307870149989778	0.31456756604481967	0	0.08875290195974926	0.08492957472496593	0.07797664330752402	0.07986069589037888	0.1093557497080081	0.11068504343398647	0.21138551370178438	0.5488786506404628	0.5871634613942985	0.5294879674238728	0.5958923392190845	0.5920936613121824	0.31456756604481967	0.5715805597407916	0.5989099168715256	0.5828931131548314	0.6432895474640966	0.606739512260304	0.6460767779184567	0.6007478456151896	0.6744930653363975	0.31090717156945136	0.6230574742065031	0.6523072498569494	0.5874142496516449	0.8895510349327816	0.6301883926399446	0.9130156571207064	0.28928559491591643
22_3	106006	0.39086108413671	0.6129039335491664	0.5818090183788529	0.4164311429452129	0.3461693858123033	0.6889635487989929	0.5111445825276733	0.39814447637528355	0.570196247479391	0.3020565406484945	0.6082290460999403	0.3310280357638959	0.2696031060771795	0.2766999499894741	0.35872172973840755	0.33102803576389594	0.3310280357638959	0.23283041030979784	0.3310280357638959	0.08875290195974926	0	0.01232660205189863	0.012519373007547116	0.00889220606937039	0.04098646483022286	0.04310305583504865	0.21309271943663152	0.5488786506404629	0.5871634613942988	0.5294879674238729	0.6367181368624782	0.6301506367362628	0.3310280357638959	0.5715805597407919	0.6392644445557772	0.5828931131548314	0.6432895474640965	0.606739512260304	0.6460767779184567	0.6007478456151896	0.6744930653363974	0.296896970034286	0.623057474206503	0.6523072498569495	0.6227136662615063	0.8895510349327816	0.6301883926399446	0.9130156571207064	0.29095616163561094
22_4	106007	0.3908610841367101	0.6129039335491665	0.5834221829512783	0.41643114294521283	0.3461693858123032	0.688963548798993	0.5111445825276733	0.39975764094770927	0.570196247479391	0.30205654064849463	0.6082290460999403	0.3326383157456604	0.268164040756639	0.2783102299712386	0.3587217297384075	0.3326383157456604	0.3326383157456604	0.2307870149989778	0.3326383157456604	0.08492957472496593	0.01232660205189863	0	0.014753770496979166	0.010095493235099678	0.04016439471842037	0.04471622040747433	0.21631616399082176	0.5488786506404629	0.5871634613942986	0.5294879674238729	0.6367181368624784	0.6301506367362628	0.33263831574566044	0.5715805597407919	0.6392644445557772	0.5828931131548314	0.6432895474640966	0.606739512260304	0.6460767779184566	0.6007478456151897	0.6744930653363974	0.29776707215764797	0.6230574742065031	0.6523072498569494	0.6227136662615063	0.8895510349327815	0.6301883926399445	0.9130156571207064	0.28928559491591643
22_5	106008	0.39086108413671006	0.6129039335491664	0.582798065443611	0.4164311429452127	0.3461693858123032	0.6889635487989931	0.5111445825276733	0.39913352344004177	0.5701962474793909	0.3020565406484946	0.6082290460999404	0.31850866275634876	0.26501525091402056	0.26983962275259726	0.35872172973840744	0.3185086627563488	0.3255378512779997	0.2307870149989778	0.31850866275634876	0.07797664330752402	0.012519373007547116	0.014753770496979166	0	0.006427111684891139	0.04224003400145366	0.04409210289980678	0.20156239349384258	0.5488786506404629	0.5871634613942986	0.5294879674238728	0.6367181368624782	0.6301506367362626	0.3185086627563487	0.5715805597407918	0.6392644445557772	0.5828931131548314	0.6432895474640966	0.606739512260304	0.6460767779184566	0.6007478456151893	0.6744930653363975	0.2971429546499805	0.6230574742065033	0.6523072498569494	0.6227136662615061	0.8895510349327819	0.6301883926399446	0.9130156571207064	0.2892855949159164
22_6	106009	0.3908610841367099	0.6129039335491663	0.5842251996927298	0.41643114294521266	0.3461693858123031	0.6889635487989929	0.5111445825276733	0.40056065768916055	0.5701962474793909	0.3020565406484945	0.6082290460999403	0.323508640192121	0.26501525091402056	0.2703540602772088	0.35872172973840744	0.3235086401921211	0.3255378512779996	0.23078701499897775	0.32350864019212106	0.07986069589037888	0.00889220606937039	0.010095493235099678	0.006427111684891139	0	0.040164394718420315	0.045519237148925626	0.2079895051787337	0.5488786506404627	0.5871634613942985	0.5294879674238728	0.6367181368624782	0.6301506367362627	0.32350864019212106	0.5715805597407918	0.6392644445557771	0.5828931131548314	0.6432895474640965	0.6067395122603039	0.6460767779184566	0.6007478456151896	0.6744930653363974	0.29857008889909925	0.6230574742065031	0.6523072498569493	0.6227136662615064	0.8895510349327816	0.6301883926399446	0.9130156571207064	0.2892855949159164
22_7	106010	0.39086108413671006	0.6129039335491663	0.5507768166458884	0.41643114294521283	0.3461693858123033	0.6889635487989931	0.5111445825276733	0.3637739913615341	0.5701962474793909	0.3020565406484946	0.6082290460999404	0.3519634084398662	0.2874891334508449	0.29763532266544446	0.3587217297384075	0.35196340843986623	0.3519634084398663	0.23234086512570676	0.3519634084398662	0.1093557497080081	0.04098646483022286	0.04016439471842037	0.04224003400145366	0.040164394718420315	0	0.01352278253059917	0.1988232346908498	0.5488786506404629	0.5871634613942984	0.5294879674238728	0.6367181368624784	0.6301506367362627	0.3519634084398661	0.5715805597407918	0.6392644445557772	0.5828931131548312	0.6432895474640966	0.6067395122603039	0.6460767779184566	0.6007478456151896	0.6744930653363974	0.30111344488189057	0.623057474206503	0.6523072498569495	0.6227136662615064	0.8895510349327819	0.6301883926399444	0.9130156571207064	0.294447667113364
22_8	106011	0.3908610841367101	0.6129039335491664	0.5441169074768776	0.416431142945213	0.3461693858123034	0.6889635487989934	0.5111445825276733	0.3571140821925233	0.570196247479391	0.3020565406484947	0.6082290460999404	0.3471602504045828	0.2826859754155616	0.29283216463016104	0.3587217297384076	0.34716025040458287	0.34716025040458287	0.23316229120772597	0.34716025040458287	0.11068504343398647	0.04310305583504865	0.04471622040747433	0.04409210289980678	0.045519237148925626	0.01352278253059917	0	0.18612187824226978	0.5488786506404629	0.5871634613942986	0.529487967423873	0.6367181368624785	0.6301506367362628	0.3471602504045828	0.5715805597407918	0.6392644445557774	0.5828931131548312	0.6432895474640966	0.606739512260304	0.6460767779184569	0.6007478456151896	0.6744930653363974	0.2972288509322142	0.6230574742065031	0.6523072498569497	0.6227136662615065	0.8895510349327816	0.6301883926399446	0.9130156571207064	0.29128804253353907
22_9	106012	0.39086108413671006	0.6129039335491664	0.5225110058461994	0.41643114294521283	0.3461693858123032	0.6889635487989931	0.5145777506521069	0.33893858721960557	0.5701962474793909	0.31990086324790296	0.6082290460999404	0.305577544783221	0.2804879124661675	0.2748269185434053	0.3587217297384075	0.24658157759245095	0.3255378512779998	0.3061867616603029	0.2460520583547333	0.21138551370178438	0.21309271943663152	0.21631616399082176	0.20156239349384258	0.2079895051787337	0.1988232346908498	0.18612187824226978	0	0.5488786506404629	0.5871634613942985	0.5294879674238728	0.6367181368624782	0.6301506367362629	0.24605205835473326	0.5715805597407918	0.6392644445557772	0.5828931131548314	0.6432895474640966	0.6067395122603039	0.6460767779184567	0.6007478456151896	0.6744930653363974	0.2966752793013513	0.6230574742065029	0.6523072498569495	0.6227136662615063	0.8895510349327814	0.6301883926399445	0.9130156571207064	0.2977997228055443
20_1	106013	0.5488786506404629	0.6129039335491665	0.6836561248212876	0.548878650640463	0.548878650640463	0.6889635487989931	0.5635793640889812	0.5488786506404629	0.570196247479391	0.5488786506404629	0.5755293039496712	0.5488786506404629	0.5488786506404628	0.548878650640463	0.5488786506404629	0.5488786506404628	0.548878650640463	0.548878650640463	0.548878650640463	0.5488786506404628	0.5488786506404629	0.5488786506404629	0.5488786506404629	0.5488786506404627	0.5488786506404629	0.5488786506404629	0.5488786506404629	0	0.04704476932548007	0.07999894054957336	0.14556244140849206	0.14844733870414373	0.5148512441472372	0.03395162309896233	0.15480526291670405	0.10025488931895486	0.18273273892728634	0.20665932976077134	0.2098187779654786	0.16621309738789886	0.20097189473867255	0.2921499535896361	0.1757999705050529	0.2126255866829669	0.18297971615807015	0.8895510349327816	0.6301883926399446	0.9130156571207064	0.548878650640463
20_2	106014	0.5871634613942985	0.6129039335491664	0.6836561248212873	0.5871634613942986	0.5871634613942988	0.6889635487989931	0.5877963592198585	0.5871634613942988	0.5871634613942986	0.5871634613942986	0.5755293039496711	0.5871634613942984	0.5871634613942985	0.5871634613942986	0.5871634613942985	0.5871634613942986	0.5871634613942988	0.5871634613942986	0.5871634613942985	0.5871634613942985	0.5871634613942988	0.5871634613942986	0.5871634613942986	0.5871634613942985	0.5871634613942984	0.5871634613942986	0.5871634613942985	0.04704476932548007	0	0.10857108594110854	0.11535882611991653	0.13397312901642403	0.5495542700692061	0.054350328283015004	0.13943727995527033	0.0900869583061949	0.18133045266347309	0.20648405219458774	0.20907228925417753	0.165933391147724	0.18937751628418825	0.329163097210588	0.1705174636176366	0.21262558668296683	0.17573726542220183	0.8895510349327816	0.6301883926399447	0.9130156571207062	0.5871634613942988
20_3	106015	0.5294879674238728	0.6129039335491664	0.6836561248212877	0.5294879674238729	0.5294879674238728	0.6889635487989931	0.5635793640889813	0.5294879674238728	0.570196247479391	0.5294879674238729	0.5755293039496713	0.5294879674238728	0.5294879674238728	0.529487967423873	0.5294879674238728	0.5294879674238729	0.5294879674238728	0.529487967423873	0.5294879674238729	0.5294879674238728	0.5294879674238729	0.5294879674238729	0.5294879674238728	0.5294879674238728	0.5294879674238728	0.529487967423873	0.5294879674238728	0.07999894054957336	0.10857108594110854	0	0.15812576140928822	0.1562196795642387	0.4970224615232354	0.10314584616387142	0.16322622484430893	0.11370918826301284	0.18747736466225903	0.21630969153986399	0.22073770763540423	0.16593339114772407	0.20887796889340277	0.2760760288739729	0.17879559780998308	0.2126255866829669	0.1846843876471067	0.8895510349327816	0.6301883926399447	0.9130156571207064	0.5294879674238729
20_4	106016	0.6367181368624784	0.6367181368624785	0.6836561248212876	0.6367181368624784	0.6367181368624785	0.6889635487989931	0.6367181368624782	0.6367181368624784	0.6055123874474853	0.6367181368624784	0.5737323619451725	0.6367181368624784	0.6367181368624784	0.6367181368624785	0.6367181368624784	0.6367181368624785	0.6367181368624785	0.6367181368624785	0.6367181368624782	0.5958923392190845	0.6367181368624782	0.6367181368624784	0.6367181368624782	0.6367181368624782	0.6367181368624784	0.6367181368624785	0.6367181368624782	0.14556244140849206	0.11535882611991653	0.15812576140928822	0	0.04811067199974602	0.6016475877094797	0.12414321189230862	0.0435886983304737	0.13460236339872864	0.15187953457144404	0.19623161551776264	0.17915865351903823	0.17408748559232937	0.1636339603662641	0.3794632433477517	0.15585303749701457	0.18324752568493122	0.1553753243630093	0.8895510349327819	0.6367181368624785	0.9130156571207064	0.6367181368624785
20_5	106017	0.6301506367362628	0.6309655068454929	0.6836561248212875	0.6301506367362628	0.6301506367362627	0.6889635487989934	0.6301506367362627	0.6301506367362626	0.5989448873212696	0.6301506367362627	0.5671648618189569	0.6301506367362628	0.6301506367362626	0.6301506367362628	0.6301506367362627	0.6301506367362628	0.6301506367362627	0.6301506367362628	0.6301506367362626	0.5920936613121824	0.6301506367362628	0.6301506367362628	0.6301506367362626	0.6301506367362627	0.6301506367362627	0.6301506367362628	0.6301506367362629	0.14844733870414373	0.13397312901642403	0.1562196795642387	0.04811067199974602	0	0.5962920973826453	0.12485004942177436	0.016541895776089777	0.14930467167853897	0.1558225564982665	0.20988853619912465	0.18731060100289368	0.16803423487361402	0.16726148860802176	0.37215027255255206	0.15222918515239112	0.18532363928778356	0.1165114288800533	0.8895510349327815	0.6327219016310893	0.9130156571207064	0.6301506367362628
20_6	106018	0.34606958201473825	0.6129039335491664	0.6513232501260369	0.3764209763668702	0.3947987986574447	0.6889635487989932	0.5635793640889812	0.4535809826415246	0.570196247479391	0.3689024766847772	0.553204210267559	0.3055775447832211	0.3294895259030418	0.32382853198027967	0.35872172973840744	0.21642394977785348	0.3255378512779997	0.35518837509717716	0.1661604199161948	0.31456756604481967	0.3310280357638959	0.33263831574566044	0.3185086627563487	0.32350864019212106	0.3519634084398661	0.3471602504045828	0.24605205835473326	0.5148512441472372	0.5495542700692061	0.4970224615232354	0.6016475877094797	0.5962920973826453	0	0.536374046144658	0.6047068916420179	0.5520314364557652	0.6103318822782816	0.577459914338559	0.6113028827139299	0.5705769440792896	0.6388433788986647	0.3650876104756123	0.5878833480637834	0.6205800003569649	0.5867101121588106	0.8895510349327816	0.6301883926399445	0.9130156571207066	0.3468013362424186
20_7	106019	0.5715805597407919	0.6129039335491665	0.6836561248212876	0.5715805597407919	0.5715805597407918	0.6889635487989931	0.5740761075438083	0.5715805597407918	0.5725848866583688	0.5715805597407919	0.5755293039496713	0.5715805597407917	0.5715805597407919	0.5715805597407919	0.5715805597407917	0.5715805597407918	0.571580559740792	0.5715805597407919	0.5715805597407918	0.5715805597407916	0.5715805597407919	0.5715805597407919	0.5715805597407918	0.5715805597407918	0.5715805597407918	0.5715805597407918	0.5715805597407918	0.03395162309896233	0.054350328283015004	0.10314584616387142	0.12414321189230862	0.12485004942177436	0.536374046144658	0	0.12838323638344304	0.11062059610612132	0.15295409658312545	0.18491466172017212	0.18352678523684324	0.13829378312312096	0.17129157605790168	0.31850917846661375	0.14473710179521157	0.1837648337661131	0.18153989282362476	0.8895510349327816	0.6301883926399447	0.9130156571207062	0.5715805597407919
20_8	106020	0.6392644445557772	0.639696126806054	0.6836561248212876	0.6392644445557772	0.6392644445557772	0.6889635487989931	0.6392644445557772	0.6392644445557774	0.6080586951407844	0.6392644445557774	0.5762786696384714	0.6392644445557772	0.6392644445557772	0.6392644445557775	0.6392644445557772	0.6392644445557775	0.6392644445557772	0.6392644445557775	0.6392644445557774	0.5989099168715256	0.6392644445557772	0.6392644445557772	0.6392644445557772	0.6392644445557771	0.6392644445557772	0.6392644445557774	0.6392644445557772	0.15480526291670405	0.13943727995527033	0.16322622484430893	0.0435886983304737	0.016541895776089777	0.6047068916420179	0.12838323638344304	0	0.1518230615369779	0.1525806172935224	0.2145233508736451	0.18234708110704725	0.17663379328562837	0.16678449337623225	0.3834224404446103	0.1589226308827019	0.18379944590143163	0.12692030836534104	0.8895510349327816	0.6392644445557772	0.9130156571207064	0.6392644445557772
20_9	106021	0.5828931131548313	0.6129039335491665	0.6836561248212873	0.5828931131548313	0.5828931131548313	0.6889635487989931	0.584868602013889	0.5828931131548313	0.5833773811284493	0.5828931131548315	0.5755293039496713	0.5828931131548313	0.5828931131548312	0.5828931131548312	0.5828931131548314	0.5828931131548314	0.5828931131548312	0.5828931131548314	0.5828931131548314	0.5828931131548314	0.5828931131548314	0.5828931131548314	0.5828931131548314	0.5828931131548314	0.5828931131548312	0.5828931131548312	0.5828931131548314	0.10025488931895486	0.0900869583061949	0.11370918826301284	0.13460236339872864	0.14930467167853897	0.5520314364557652	0.11062059610612132	0.1518230615369779	0	0.18518516576998958	0.19832604627551487	0.21328278408109386	0.16876098150304678	0.20717624483611846	0.32489274897112064	0.18028330969167503	0.21349115948388553	0.18710661698873793	0.8895510349327816	0.6301883926399445	0.9130156571207062	0.5828931131548313
18_1	106022	0.6432895474640967	0.6432895474640966	0.6836561248212875	0.6432895474640965	0.6432895474640966	0.6889635487989934	0.6432895474640966	0.6432895474640965	0.6432895474640965	0.6432895474640965	0.6105898053138272	0.6432895474640965	0.6432895474640965	0.6432895474640965	0.6432895474640965	0.6432895474640966	0.6432895474640965	0.6432895474640966	0.6432895474640966	0.6432895474640966	0.6432895474640965	0.6432895474640966	0.6432895474640966	0.6432895474640965	0.6432895474640966	0.6432895474640966	0.6432895474640966	0.18273273892728634	0.18133045266347309	0.18747736466225903	0.15187953457144404	0.1558225564982665	0.6103318822782816	0.15295409658312545	0.1525806172935224	0.18518516576998958	0	0.08105655274954283	0.04830273943540489	0.08008650690487844	0.05373296325776894	0.3923484806673339	0.03036688654613106	0.0444649653950799	0.16517857859762458	0.8895510349327816	0.6432895474640965	0.9130156571207064	0.6432895474640965
18_2	106023	0.6067395122603038	0.6129039335491663	0.6836561248212873	0.606739512260304	0.6067395122603039	0.6889635487989931	0.606739512260304	0.606739512260304	0.6067395122603039	0.6067395122603039	0.5787117010324486	0.6067395122603038	0.606739512260304	0.6067395122603039	0.606739512260304	0.606739512260304	0.6067395122603039	0.606739512260304	0.606739512260304	0.606739512260304	0.606739512260304	0.606739512260304	0.606739512260304	0.6067395122603039	0.6067395122603039	0.606739512260304	0.6067395122603039	0.20665932976077134	0.20648405219458774	0.21630969153986399	0.19623161551776264	0.20988853619912465	0.577459914338559	0.18491466172017212	0.2145233508736451	0.19832604627551487	0.08105655274954283	0	0.07288839014198932	0.10635033934253434	0.12137815145711907	0.3521479342646889	0.08492880501003336	0.10149227406019432	0.21391197583684513	0.8895510349327816	0.6329363884403789	0.9130156571207064	0.606739512260304
18_3	106024	0.6460767779184569	0.6460767779184569	0.6836561248212875	0.6460767779184569	0.6460767779184567	0.6889635487989931	0.6460767779184567	0.6460767779184567	0.6460767779184567	0.6460767779184569	0.6133770357681875	0.6460767779184567	0.6460767779184567	0.6460767779184567	0.6460767779184567	0.6460767779184569	0.6460767779184566	0.6460767779184569	0.6460767779184567	0.6460767779184567	0.6460767779184567	0.6460767779184566	0.6460767779184566	0.6460767779184566	0.6460767779184566	0.6460767779184569	0.6460767779184567	0.2098187779654786	0.20907228925417753	0.22073770763540423	0.17915865351903823	0.18731060100289368	0.6113028827139299	0.18352678523684324	0.18234708110704725	0.21328278408109386	0.04830273943540489	0.07288839014198932	0	0.11217156926533062	0.08077784402744526	0.3945147687918913	0.06824157367597841	0.07043837788649847	0.19440823981311467	0.8895510349327819	0.6460767779184567	0.9130156571207064	0.6460767779184569
18_4	106025	0.6007478456151896	0.6129039335491664	0.6836561248212875	0.6007478456151896	0.6007478456151895	0.688963548798993	0.6007478456151896	0.6007478456151896	0.6007478456151897	0.6007478456151896	0.5768665558958022	0.6007478456151896	0.6007478456151896	0.6007478456151896	0.6007478456151895	0.6007478456151896	0.6007478456151895	0.6007478456151896	0.6007478456151895	0.6007478456151896	0.6007478456151896	0.6007478456151897	0.6007478456151893	0.6007478456151896	0.6007478456151896	0.6007478456151896	0.6007478456151896	0.16621309738789886	0.165933391147724	0.16593339114772407	0.17408748559232937	0.16803423487361402	0.5705769440792896	0.13829378312312096	0.17663379328562837	0.16876098150304678	0.08008650690487844	0.10635033934253434	0.11217156926533062	0	0.11045490785604928	0.3510687649501979	0.06456697046319568	0.09350168559794443	0.15414549364367494	0.8895510349327816	0.6310912433037326	0.9130156571207064	0.6007478456151896
18_5	106026	0.6744930653363974	0.6744930653363975	0.6836561248212875	0.6744930653363974	0.6744930653363974	0.688963548798993	0.6744930653363974	0.6744930653363973	0.6744930653363974	0.6744930653363976	0.6417933231861283	0.6744930653363974	0.6744930653363974	0.6744930653363974	0.6744930653363974	0.6744930653363975	0.6744930653363973	0.6744930653363975	0.6744930653363975	0.6744930653363975	0.6744930653363974	0.6744930653363974	0.6744930653363975	0.6744930653363974	0.6744930653363974	0.6744930653363974	0.6744930653363974	0.20097189473867255	0.18937751628418825	0.20887796889340277	0.1636339603662641	0.16726148860802176	0.6388433788986647	0.17129157605790168	0.16678449337623225	0.20717624483611846	0.05373296325776894	0.12137815145711907	0.08077784402744526	0.11045490785604928	0	0.4190411424047907	0.06091107196856964	0.07117875522318322	0.1855186816846707	0.8895510349327816	0.6744930653363975	0.9130156571207064	0.6744930653363975
18_6	106027	0.39086108413671006	0.6129039335491665	0.6152437936470262	0.41643114294521283	0.3461693858123032	0.6889635487989931	0.5635793640889812	0.4338947829469382	0.570196247479391	0.3689024766847773	0.5755293039496712	0.3650876104756122	0.36508761047561233	0.36508761047561233	0.3662680777702277	0.3650876104756124	0.3650876104756123	0.3650876104756123	0.3650876104756123	0.31090717156945136	0.296896970034286	0.29776707215764797	0.2971429546499805	0.29857008889909925	0.30111344488189057	0.2972288509322142	0.2966752793013513	0.2921499535896361	0.329163097210588	0.2760760288739729	0.3794632433477517	0.37215027255255206	0.3650876104756123	0.31850917846661375	0.3834224404446103	0.32489274897112064	0.3923484806673339	0.3521479342646889	0.3945147687918913	0.3510687649501979	0.4190411424047907	0	0.3726963046958603	0.40139012554586373	0.3721822454384302	0.8895510349327816	0.6301883926399445	0.9130156571207064	0.36508761047561233
